0 A 84.67473989507485 69.93062543557632
1 16.62191008599545
2 43.25453423181444
3 82.77411487155003
4 80.72098214974197
5 61.35557154982728
6 39.63823898708578
7 81.00405911232725
8 57.78878277692679
9 81.88308981481555
1 B 95.81224748801533 57.591913204386614
0 16.62191008599545
2 29.78202977272327
3 85.47657273961727
4 92.26003916377738
5 66.38284814605012
6 54.524055086247614
7 95.51640624238101
8 48.8952558591577
9 94.76058430549395
2 C 94.61571148240631 27.833929419011362
0 43.25453423181444
1 29.78202977272327
3 75.4233892282859
4 98.63024721450282
5 62.89385917440636
6 71.76305245752104
7 108.9059153595591
8 23.71024283788277
9 104.00852256214992
3 D 19.76363610522851 18.56816153875419
0 82.77411487155003
1 85.47657273961727
2 75.4233892282859
4 50.74922237293336
5 22.943583408979762
6 68.2128495038528
7 74.81921537746426
8 56.85850911276377
9 61.04504987396734
4 E 4.014037435067586 66.81164517319237
0 80.72098214974197
1 92.26003916377738
2 98.63024721450282
3 50.74922237293336
5 40.756834049190815
6 45.045673135072455
7 25.5985193416331
8 90.2856056643564
9 10.527696030557445
5 F 32.493583013971794 37.65628536864875
0 61.35557154982728
1 66.38284814605012
2 62.89385917440636
3 22.943583408979762
4 40.756834049190815
6 45.83954648481205
7 60.34064449337995
8 50.41293352374912
9 49.3388553651106
6 G 46.68520755590517 81.24368968221208
0 39.63823898708578
1 54.524055086247614
2 71.76305245752104
3 68.2128495038528
4 45.045673135072455
5 45.83954648481205
7 41.369853220837584
8 74.6326140135029
9 43.739118075660016
7 H 6.808305143751969 92.25720000023766
0 81.00405911232725
1 95.51640624238101
2 108.9059153595591
3 74.81921537746426
4 25.5985193416331
5 60.34064449337995
6 41.369853220837584
8 105.61252953307435
9 15.402650816582149
8 I 76.32352536261354 12.748454869291958
0 57.78878277692679
1 48.8952558591577
2 23.71024283788277
3 56.85850911276377
4 90.2856056643564
5 50.41293352374912
6 74.6326140135029
7 105.61252953307435
9 97.59750627820871
9 J 3.1240914055749025 77.30165850857023
0 81.88308981481555
1 94.76058430549395
2 104.00852256214992
3 61.04504987396734
4 10.527696030557445
5 49.3388553651106
6 43.739118075660016
7 15.402650816582149
8 97.59750627820871
